0 0.772084 0.300130 0.111143 0.167172
0 0.887558 0.377653 0.099018 0.167172
0 0.784498 0.768731 0.107102 0.157644
0 0.264867 0.826115 0.107102 0.166739
0 0.123557 0.849285 0.105081 0.157644
0 0.123557 0.409918 0.109122 0.176267
0 0.158632 0.553919 0.105370 0.173235
0 0.199769 0.696189 0.101039 0.154612
0 0.049076 0.547640 0.097575 0.160676
0 0.093678 0.703984 0.111143 0.164140
0 0.424509 0.572542 0.113453 0.173235
0 0.533920 0.626462 0.121536 0.182330
0 0.567841 0.465786 0.119515 0.170204
0 0.447315 0.417713 0.121536 0.166739
0 0.440098 0.259853 0.123845 0.173235
0 0.596709 0.334344 0.119515 0.173235
0 0.339059 0.457774 0.123845 0.173235
